(kicad_pcb (version 20171130) (host pcbnew "(5.1.10)-1")

  (general
    (thickness 1.6)
    (drawings 12)
    (tracks 144)
    (zones 0)
    (modules 33)
    (nets 22)
  )

  (page A4)
  (layers
    (0 F.Cu signal)
    (31 B.Cu signal)
    (32 B.Adhes user hide)
    (33 F.Adhes user hide)
    (34 B.Paste user hide)
    (35 F.Paste user hide)
    (36 B.SilkS user hide)
    (37 F.SilkS user hide)
    (38 B.Mask user hide)
    (39 F.Mask user hide)
    (40 Dwgs.User user)
    (41 Cmts.User user hide)
    (42 Eco1.User user hide)
    (43 Eco2.User user hide)
    (44 Edge.Cuts user)
    (45 Margin user hide)
    (46 B.CrtYd user hide)
    (47 F.CrtYd user)
    (48 B.Fab user hide)
    (49 F.Fab user hide)
  )

  (setup
    (last_trace_width 0.25)
    (user_trace_width 0.4064)
    (user_trace_width 0.6096)
    (user_trace_width 0.8128)
    (user_trace_width 1)
    (trace_clearance 0.2)
    (zone_clearance 0.254)
    (zone_45_only no)
    (trace_min 0.2)
    (via_size 0.8)
    (via_drill 0.4)
    (via_min_size 0.4)
    (via_min_drill 0.3)
    (uvia_size 0.3)
    (uvia_drill 0.1)
    (uvias_allowed no)
    (uvia_min_size 0.2)
    (uvia_min_drill 0.1)
    (edge_width 0.05)
    (segment_width 0.2)
    (pcb_text_width 0.3)
    (pcb_text_size 1.5 1.5)
    (mod_edge_width 0.12)
    (mod_text_size 1 1)
    (mod_text_width 0.15)
    (pad_size 1.524 1.524)
    (pad_drill 0.762)
    (pad_to_mask_clearance 0)
    (aux_axis_origin 0 0)
    (visible_elements 7FFFFFFF)
    (pcbplotparams
      (layerselection 0x010f0_ffffffff)
      (usegerberextensions true)
      (usegerberattributes false)
      (usegerberadvancedattributes false)
      (creategerberjobfile false)
      (excludeedgelayer true)
      (linewidth 0.100000)
      (plotframeref false)
      (viasonmask false)
      (mode 1)
      (useauxorigin false)
      (hpglpennumber 1)
      (hpglpenspeed 20)
      (hpglpendiameter 15.000000)
      (psnegative false)
      (psa4output false)
      (plotreference true)
      (plotvalue true)
      (plotinvisibletext false)
      (padsonsilk false)
      (subtractmaskfromsilk false)
      (outputformat 1)
      (mirror false)
      (drillshape 0)
      (scaleselection 1)
      (outputdirectory "gerbs/"))
  )

  (net 0 "")
  (net 1 +3V3)
  (net 2 GND)
  (net 3 "Net-(C2-Pad1)")
  (net 4 "Net-(C2-Pad2)")
  (net 5 "Net-(C5-Pad2)")
  (net 6 "Net-(C5-Pad1)")
  (net 7 "Net-(C6-Pad1)")
  (net 8 "Net-(C6-Pad2)")
  (net 9 VCC)
  (net 10 "Net-(D1-Pad2)")
  (net 11 ENTROPY)
  (net 12 "Net-(Q1-Pad1)")
  (net 13 NOISE_POS)
  (net 14 NOISE_NEG)
  (net 15 "Net-(R3-Pad1)")
  (net 16 "Net-(R3-Pad2)")
  (net 17 "Net-(U2-Pad2)")
  (net 18 ENABLE)
  (net 19 "Net-(Q1-Pad3)")
  (net 20 "Net-(Q4-Pad3)")
  (net 21 "Net-(Q4-Pad1)")

  (net_class Default "This is the default net class."
    (clearance 0.2)
    (trace_width 0.25)
    (via_dia 0.8)
    (via_drill 0.4)
    (uvia_dia 0.3)
    (uvia_drill 0.1)
    (add_net +3V3)
    (add_net ENABLE)
    (add_net ENTROPY)
    (add_net GND)
    (add_net NOISE_NEG)
    (add_net NOISE_POS)
    (add_net "Net-(C2-Pad1)")
    (add_net "Net-(C2-Pad2)")
    (add_net "Net-(C5-Pad1)")
    (add_net "Net-(C5-Pad2)")
    (add_net "Net-(C6-Pad1)")
    (add_net "Net-(C6-Pad2)")
    (add_net "Net-(D1-Pad2)")
    (add_net "Net-(Q1-Pad1)")
    (add_net "Net-(Q1-Pad3)")
    (add_net "Net-(Q4-Pad1)")
    (add_net "Net-(Q4-Pad3)")
    (add_net "Net-(R3-Pad1)")
    (add_net "Net-(R3-Pad2)")
    (add_net "Net-(U2-Pad2)")
    (add_net VCC)
  )

  (module Capacitor_SMD:C_0805_2012Metric_Pad1.15x1.40mm_HandSolder (layer F.Cu) (tedit 5B36C52B) (tstamp 610774E1)
    (at 148.098 65.02 180)
    (descr "Capacitor SMD 0805 (2012 Metric), square (rectangular) end terminal, IPC_7351 nominal with elongated pad for handsoldering. (Body size source: https://docs.google.com/spreadsheets/d/1BsfQQcO9C6DZCsRaXUlFlo91Tg2WpOkGARC1WS5S8t0/edit?usp=sharing), generated with kicad-footprint-generator")
    (tags "capacitor handsolder")
    (path /60FBDF99)
    (attr smd)
    (fp_text reference C7 (at 2.302 -0.004 270) (layer F.SilkS)
      (effects (font (size 0.6 0.6) (thickness 0.1)))
    )
    (fp_text value 10u (at 2.302 -0.004 90) (layer F.Fab)
      (effects (font (size 0.6 0.6) (thickness 0.1)))
    )
    (fp_line (start -1 0.6) (end -1 -0.6) (layer F.Fab) (width 0.1))
    (fp_line (start -1 -0.6) (end 1 -0.6) (layer F.Fab) (width 0.1))
    (fp_line (start 1 -0.6) (end 1 0.6) (layer F.Fab) (width 0.1))
    (fp_line (start 1 0.6) (end -1 0.6) (layer F.Fab) (width 0.1))
    (fp_line (start -0.261252 -0.71) (end 0.261252 -0.71) (layer F.SilkS) (width 0.12))
    (fp_line (start -0.261252 0.71) (end 0.261252 0.71) (layer F.SilkS) (width 0.12))
    (fp_line (start -1.85 0.95) (end -1.85 -0.95) (layer F.CrtYd) (width 0.05))
    (fp_line (start -1.85 -0.95) (end 1.85 -0.95) (layer F.CrtYd) (width 0.05))
    (fp_line (start 1.85 -0.95) (end 1.85 0.95) (layer F.CrtYd) (width 0.05))
    (fp_line (start 1.85 0.95) (end -1.85 0.95) (layer F.CrtYd) (width 0.05))
    (fp_text user %R (at 0 0) (layer F.Fab)
      (effects (font (size 0.5 0.5) (thickness 0.08)))
    )
    (pad 1 smd roundrect (at -1.025 0 180) (size 1.15 1.4) (layers F.Cu F.Paste F.Mask) (roundrect_rratio 0.2173904347826087)
      (net 9 VCC))
    (pad 2 smd roundrect (at 1.025 0 180) (size 1.15 1.4) (layers F.Cu F.Paste F.Mask) (roundrect_rratio 0.2173904347826087)
      (net 2 GND))
    (model ${KISYS3DMOD}/Capacitor_SMD.3dshapes/C_0805_2012Metric.wrl
      (at (xyz 0 0 0))
      (scale (xyz 1 1 1))
      (rotate (xyz 0 0 0))
    )
  )

  (module TestPoint:TestPoint_THTPad_D1.0mm_Drill0.5mm (layer F.Cu) (tedit 5A0F774F) (tstamp 60F8A078)
    (at 147.066 67.564 270)
    (descr "THT pad as test Point, diameter 1.0mm, hole diameter 0.5mm")
    (tags "test point THT pad")
    (path /60FC200F)
    (attr virtual)
    (fp_text reference TP1 (at 0.736 2.166 180) (layer F.Fab) hide
      (effects (font (size 0.6 0.6) (thickness 0.1)))
    )
    (fp_text value TestPoint (at 1.736 1.166 180) (layer F.Fab) hide
      (effects (font (size 0.6 0.6) (thickness 0.1)))
    )
    (fp_circle (center 0 0) (end 0 0.7) (layer F.SilkS) (width 0.12))
    (fp_circle (center 0 0) (end 1 0) (layer F.CrtYd) (width 0.05))
    (pad 1 thru_hole circle (at 0 0 270) (size 1 1) (drill 0.5) (layers *.Cu *.Mask)
      (net 9 VCC))
  )

  (module Diode_SMD:D_SOD-123 (layer F.Cu) (tedit 58645DC7) (tstamp 61077441)
    (at 146.558 60.96 90)
    (descr SOD-123)
    (tags SOD-123)
    (path /60FBFA3C)
    (attr smd)
    (fp_text reference D1 (at 0 0 90) (layer F.SilkS)
      (effects (font (size 0.6 0.6) (thickness 0.1)))
    )
    (fp_text value MBR0530 (at -0.04 -1.558 90) (layer F.Fab)
      (effects (font (size 0.6 0.6) (thickness 0.1)))
    )
    (fp_line (start -2.25 -1) (end -2.25 1) (layer F.SilkS) (width 0.12))
    (fp_line (start 0.25 0) (end 0.75 0) (layer F.Fab) (width 0.1))
    (fp_line (start 0.25 0.4) (end -0.35 0) (layer F.Fab) (width 0.1))
    (fp_line (start 0.25 -0.4) (end 0.25 0.4) (layer F.Fab) (width 0.1))
    (fp_line (start -0.35 0) (end 0.25 -0.4) (layer F.Fab) (width 0.1))
    (fp_line (start -0.35 0) (end -0.35 0.55) (layer F.Fab) (width 0.1))
    (fp_line (start -0.35 0) (end -0.35 -0.55) (layer F.Fab) (width 0.1))
    (fp_line (start -0.75 0) (end -0.35 0) (layer F.Fab) (width 0.1))
    (fp_line (start -1.4 0.9) (end -1.4 -0.9) (layer F.Fab) (width 0.1))
    (fp_line (start 1.4 0.9) (end -1.4 0.9) (layer F.Fab) (width 0.1))
    (fp_line (start 1.4 -0.9) (end 1.4 0.9) (layer F.Fab) (width 0.1))
    (fp_line (start -1.4 -0.9) (end 1.4 -0.9) (layer F.Fab) (width 0.1))
    (fp_line (start -2.35 -1.15) (end 2.35 -1.15) (layer F.CrtYd) (width 0.05))
    (fp_line (start 2.35 -1.15) (end 2.35 1.15) (layer F.CrtYd) (width 0.05))
    (fp_line (start 2.35 1.15) (end -2.35 1.15) (layer F.CrtYd) (width 0.05))
    (fp_line (start -2.35 -1.15) (end -2.35 1.15) (layer F.CrtYd) (width 0.05))
    (fp_line (start -2.25 1) (end 1.65 1) (layer F.SilkS) (width 0.12))
    (fp_line (start -2.25 -1) (end 1.65 -1) (layer F.SilkS) (width 0.12))
    (fp_text user %R (at 2.794 0 180) (layer F.Fab)
      (effects (font (size 0.6 0.6) (thickness 0.1)))
    )
    (pad 1 smd rect (at -1.65 0 90) (size 0.9 1.2) (layers F.Cu F.Paste F.Mask)
      (net 7 "Net-(C6-Pad1)"))
    (pad 2 smd rect (at 1.65 0 90) (size 0.9 1.2) (layers F.Cu F.Paste F.Mask)
      (net 10 "Net-(D1-Pad2)"))
    (model ${KISYS3DMOD}/Diode_SMD.3dshapes/D_SOD-123.wrl
      (at (xyz 0 0 0))
      (scale (xyz 1 1 1))
      (rotate (xyz 0 0 0))
    )
  )

  (module Capacitor_SMD:C_0603_1608Metric_Pad1.05x0.95mm_HandSolder (layer F.Cu) (tedit 5B301BBE) (tstamp 60F78F5A)
    (at 146.685 74.295 270)
    (descr "Capacitor SMD 0603 (1608 Metric), square (rectangular) end terminal, IPC_7351 nominal with elongated pad for handsoldering. (Body size source: http://www.tortai-tech.com/upload/download/2011102023233369053.pdf), generated with kicad-footprint-generator")
    (tags "capacitor handsolder")
    (path /60FB0AF7)
    (attr smd)
    (fp_text reference C1 (at 0.127 1.143 270) (layer F.SilkS)
      (effects (font (size 0.6 0.6) (thickness 0.1)))
    )
    (fp_text value 0.1u (at 0 1.143 90) (layer F.Fab)
      (effects (font (size 0.6 0.6) (thickness 0.1)))
    )
    (fp_line (start -0.8 0.4) (end -0.8 -0.4) (layer F.Fab) (width 0.1))
    (fp_line (start -0.8 -0.4) (end 0.8 -0.4) (layer F.Fab) (width 0.1))
    (fp_line (start 0.8 -0.4) (end 0.8 0.4) (layer F.Fab) (width 0.1))
    (fp_line (start 0.8 0.4) (end -0.8 0.4) (layer F.Fab) (width 0.1))
    (fp_line (start -0.171267 -0.51) (end 0.171267 -0.51) (layer F.SilkS) (width 0.12))
    (fp_line (start -0.171267 0.51) (end 0.171267 0.51) (layer F.SilkS) (width 0.12))
    (fp_line (start -1.65 0.73) (end -1.65 -0.73) (layer F.CrtYd) (width 0.05))
    (fp_line (start -1.65 -0.73) (end 1.65 -0.73) (layer F.CrtYd) (width 0.05))
    (fp_line (start 1.65 -0.73) (end 1.65 0.73) (layer F.CrtYd) (width 0.05))
    (fp_line (start 1.65 0.73) (end -1.65 0.73) (layer F.CrtYd) (width 0.05))
    (fp_text user %R (at 0 0 90) (layer F.Fab)
      (effects (font (size 0.4 0.4) (thickness 0.06)))
    )
    (pad 1 smd roundrect (at -0.875 0 270) (size 1.05 0.95) (layers F.Cu F.Paste F.Mask) (roundrect_rratio 0.25)
      (net 1 +3V3))
    (pad 2 smd roundrect (at 0.875 0 270) (size 1.05 0.95) (layers F.Cu F.Paste F.Mask) (roundrect_rratio 0.25)
      (net 2 GND))
    (model ${KISYS3DMOD}/Capacitor_SMD.3dshapes/C_0603_1608Metric.wrl
      (at (xyz 0 0 0))
      (scale (xyz 1 1 1))
      (rotate (xyz 0 0 0))
    )
  )

  (module Capacitor_SMD:C_0603_1608Metric_Pad1.05x0.95mm_HandSolder (layer F.Cu) (tedit 5B301BBE) (tstamp 60F7CC5A)
    (at 134.62 79.883 90)
    (descr "Capacitor SMD 0603 (1608 Metric), square (rectangular) end terminal, IPC_7351 nominal with elongated pad for handsoldering. (Body size source: http://www.tortai-tech.com/upload/download/2011102023233369053.pdf), generated with kicad-footprint-generator")
    (tags "capacitor handsolder")
    (path /60F53F4B)
    (attr smd)
    (fp_text reference C2 (at -2.159 0 180) (layer F.SilkS)
      (effects (font (size 0.6 0.6) (thickness 0.1)))
    )
    (fp_text value 0.1u (at -2.159 -0.254 180) (layer F.Fab)
      (effects (font (size 0.6 0.6) (thickness 0.1)))
    )
    (fp_line (start -0.8 0.4) (end -0.8 -0.4) (layer F.Fab) (width 0.1))
    (fp_line (start -0.8 -0.4) (end 0.8 -0.4) (layer F.Fab) (width 0.1))
    (fp_line (start 0.8 -0.4) (end 0.8 0.4) (layer F.Fab) (width 0.1))
    (fp_line (start 0.8 0.4) (end -0.8 0.4) (layer F.Fab) (width 0.1))
    (fp_line (start -0.171267 -0.51) (end 0.171267 -0.51) (layer F.SilkS) (width 0.12))
    (fp_line (start -0.171267 0.51) (end 0.171267 0.51) (layer F.SilkS) (width 0.12))
    (fp_line (start -1.65 0.73) (end -1.65 -0.73) (layer F.CrtYd) (width 0.05))
    (fp_line (start -1.65 -0.73) (end 1.65 -0.73) (layer F.CrtYd) (width 0.05))
    (fp_line (start 1.65 -0.73) (end 1.65 0.73) (layer F.CrtYd) (width 0.05))
    (fp_line (start 1.65 0.73) (end -1.65 0.73) (layer F.CrtYd) (width 0.05))
    (fp_text user %R (at 0 0 90) (layer F.Fab)
      (effects (font (size 0.4 0.4) (thickness 0.06)))
    )
    (pad 1 smd roundrect (at -0.875 0 90) (size 1.05 0.95) (layers F.Cu F.Paste F.Mask) (roundrect_rratio 0.25)
      (net 3 "Net-(C2-Pad1)"))
    (pad 2 smd roundrect (at 0.875 0 90) (size 1.05 0.95) (layers F.Cu F.Paste F.Mask) (roundrect_rratio 0.25)
      (net 4 "Net-(C2-Pad2)"))
    (model ${KISYS3DMOD}/Capacitor_SMD.3dshapes/C_0603_1608Metric.wrl
      (at (xyz 0 0 0))
      (scale (xyz 1 1 1))
      (rotate (xyz 0 0 0))
    )
  )

  (module Capacitor_SMD:C_0603_1608Metric_Pad1.05x0.95mm_HandSolder (layer F.Cu) (tedit 5B301BBE) (tstamp 60F870BE)
    (at 142.113 69.723 270)
    (descr "Capacitor SMD 0603 (1608 Metric), square (rectangular) end terminal, IPC_7351 nominal with elongated pad for handsoldering. (Body size source: http://www.tortai-tech.com/upload/download/2011102023233369053.pdf), generated with kicad-footprint-generator")
    (tags "capacitor handsolder")
    (path /60FB173C)
    (attr smd)
    (fp_text reference C3 (at 2.159 -0.127 180) (layer F.SilkS)
      (effects (font (size 0.6 0.6) (thickness 0.1)))
    )
    (fp_text value 0.1u (at 2.159 -0.127 180) (layer F.Fab)
      (effects (font (size 0.6 0.6) (thickness 0.1)))
    )
    (fp_line (start 1.65 0.73) (end -1.65 0.73) (layer F.CrtYd) (width 0.05))
    (fp_line (start 1.65 -0.73) (end 1.65 0.73) (layer F.CrtYd) (width 0.05))
    (fp_line (start -1.65 -0.73) (end 1.65 -0.73) (layer F.CrtYd) (width 0.05))
    (fp_line (start -1.65 0.73) (end -1.65 -0.73) (layer F.CrtYd) (width 0.05))
    (fp_line (start -0.171267 0.51) (end 0.171267 0.51) (layer F.SilkS) (width 0.12))
    (fp_line (start -0.171267 -0.51) (end 0.171267 -0.51) (layer F.SilkS) (width 0.12))
    (fp_line (start 0.8 0.4) (end -0.8 0.4) (layer F.Fab) (width 0.1))
    (fp_line (start 0.8 -0.4) (end 0.8 0.4) (layer F.Fab) (width 0.1))
    (fp_line (start -0.8 -0.4) (end 0.8 -0.4) (layer F.Fab) (width 0.1))
    (fp_line (start -0.8 0.4) (end -0.8 -0.4) (layer F.Fab) (width 0.1))
    (fp_text user %R (at 0 0 90) (layer F.Fab)
      (effects (font (size 0.4 0.4) (thickness 0.06)))
    )
    (pad 2 smd roundrect (at 0.875 0 270) (size 1.05 0.95) (layers F.Cu F.Paste F.Mask) (roundrect_rratio 0.25)
      (net 2 GND))
    (pad 1 smd roundrect (at -0.875 0 270) (size 1.05 0.95) (layers F.Cu F.Paste F.Mask) (roundrect_rratio 0.25)
      (net 1 +3V3))
    (model ${KISYS3DMOD}/Capacitor_SMD.3dshapes/C_0603_1608Metric.wrl
      (at (xyz 0 0 0))
      (scale (xyz 1 1 1))
      (rotate (xyz 0 0 0))
    )
  )

  (module Capacitor_SMD:C_0805_2012Metric_Pad1.15x1.40mm_HandSolder (layer F.Cu) (tedit 5B36C52B) (tstamp 6108ABE9)
    (at 138.938 64.008 270)
    (descr "Capacitor SMD 0805 (2012 Metric), square (rectangular) end terminal, IPC_7351 nominal with elongated pad for handsoldering. (Body size source: https://docs.google.com/spreadsheets/d/1BsfQQcO9C6DZCsRaXUlFlo91Tg2WpOkGARC1WS5S8t0/edit?usp=sharing), generated with kicad-footprint-generator")
    (tags "capacitor handsolder")
    (path /60FBC39E)
    (attr smd)
    (fp_text reference C4 (at 2.492 -0.062) (layer F.SilkS)
      (effects (font (size 0.6 0.6) (thickness 0.1)))
    )
    (fp_text value 10u (at 2.492 -0.062 180) (layer F.Fab)
      (effects (font (size 0.6 0.6) (thickness 0.1)))
    )
    (fp_line (start 1.85 0.95) (end -1.85 0.95) (layer F.CrtYd) (width 0.05))
    (fp_line (start 1.85 -0.95) (end 1.85 0.95) (layer F.CrtYd) (width 0.05))
    (fp_line (start -1.85 -0.95) (end 1.85 -0.95) (layer F.CrtYd) (width 0.05))
    (fp_line (start -1.85 0.95) (end -1.85 -0.95) (layer F.CrtYd) (width 0.05))
    (fp_line (start -0.261252 0.71) (end 0.261252 0.71) (layer F.SilkS) (width 0.12))
    (fp_line (start -0.261252 -0.71) (end 0.261252 -0.71) (layer F.SilkS) (width 0.12))
    (fp_line (start 1 0.6) (end -1 0.6) (layer F.Fab) (width 0.1))
    (fp_line (start 1 -0.6) (end 1 0.6) (layer F.Fab) (width 0.1))
    (fp_line (start -1 -0.6) (end 1 -0.6) (layer F.Fab) (width 0.1))
    (fp_line (start -1 0.6) (end -1 -0.6) (layer F.Fab) (width 0.1))
    (fp_text user %R (at 0 0 90) (layer F.Fab)
      (effects (font (size 0.5 0.5) (thickness 0.08)))
    )
    (pad 2 smd roundrect (at 1.025 0 270) (size 1.15 1.4) (layers F.Cu F.Paste F.Mask) (roundrect_rratio 0.2173904347826087)
      (net 2 GND))
    (pad 1 smd roundrect (at -1.025 0 270) (size 1.15 1.4) (layers F.Cu F.Paste F.Mask) (roundrect_rratio 0.2173904347826087)
      (net 1 +3V3))
    (model ${KISYS3DMOD}/Capacitor_SMD.3dshapes/C_0805_2012Metric.wrl
      (at (xyz 0 0 0))
      (scale (xyz 1 1 1))
      (rotate (xyz 0 0 0))
    )
  )

  (module Capacitor_SMD:C_0603_1608Metric_Pad1.05x0.95mm_HandSolder (layer F.Cu) (tedit 5B301BBE) (tstamp 60F78F9E)
    (at 151.384 79.833 90)
    (descr "Capacitor SMD 0603 (1608 Metric), square (rectangular) end terminal, IPC_7351 nominal with elongated pad for handsoldering. (Body size source: http://www.tortai-tech.com/upload/download/2011102023233369053.pdf), generated with kicad-footprint-generator")
    (tags "capacitor handsolder")
    (path /60F81B66)
    (attr smd)
    (fp_text reference C5 (at -2.209 0 180) (layer F.SilkS)
      (effects (font (size 0.6 0.6) (thickness 0.1)))
    )
    (fp_text value 0.1u (at -2.209 0.254 180) (layer F.Fab)
      (effects (font (size 0.6 0.6) (thickness 0.1)))
    )
    (fp_line (start 1.65 0.73) (end -1.65 0.73) (layer F.CrtYd) (width 0.05))
    (fp_line (start 1.65 -0.73) (end 1.65 0.73) (layer F.CrtYd) (width 0.05))
    (fp_line (start -1.65 -0.73) (end 1.65 -0.73) (layer F.CrtYd) (width 0.05))
    (fp_line (start -1.65 0.73) (end -1.65 -0.73) (layer F.CrtYd) (width 0.05))
    (fp_line (start -0.171267 0.51) (end 0.171267 0.51) (layer F.SilkS) (width 0.12))
    (fp_line (start -0.171267 -0.51) (end 0.171267 -0.51) (layer F.SilkS) (width 0.12))
    (fp_line (start 0.8 0.4) (end -0.8 0.4) (layer F.Fab) (width 0.1))
    (fp_line (start 0.8 -0.4) (end 0.8 0.4) (layer F.Fab) (width 0.1))
    (fp_line (start -0.8 -0.4) (end 0.8 -0.4) (layer F.Fab) (width 0.1))
    (fp_line (start -0.8 0.4) (end -0.8 -0.4) (layer F.Fab) (width 0.1))
    (fp_text user %R (at 0 0 90) (layer F.Fab)
      (effects (font (size 0.4 0.4) (thickness 0.06)))
    )
    (pad 2 smd roundrect (at 0.875 0 90) (size 1.05 0.95) (layers F.Cu F.Paste F.Mask) (roundrect_rratio 0.25)
      (net 5 "Net-(C5-Pad2)"))
    (pad 1 smd roundrect (at -0.875 0 90) (size 1.05 0.95) (layers F.Cu F.Paste F.Mask) (roundrect_rratio 0.25)
      (net 6 "Net-(C5-Pad1)"))
    (model ${KISYS3DMOD}/Capacitor_SMD.3dshapes/C_0603_1608Metric.wrl
      (at (xyz 0 0 0))
      (scale (xyz 1 1 1))
      (rotate (xyz 0 0 0))
    )
  )

  (module Capacitor_SMD:C_0603_1608Metric_Pad1.05x0.95mm_HandSolder (layer F.Cu) (tedit 5B301BBE) (tstamp 61077481)
    (at 151.038 61.98 90)
    (descr "Capacitor SMD 0603 (1608 Metric), square (rectangular) end terminal, IPC_7351 nominal with elongated pad for handsoldering. (Body size source: http://www.tortai-tech.com/upload/download/2011102023233369053.pdf), generated with kicad-footprint-generator")
    (tags "capacitor handsolder")
    (path /60FBD81C)
    (attr smd)
    (fp_text reference C6 (at 0.004 1.108 270) (layer F.SilkS)
      (effects (font (size 0.6 0.6) (thickness 0.1)))
    )
    (fp_text value 22p (at 0.258 1.108 90) (layer F.Fab)
      (effects (font (size 0.6 0.6) (thickness 0.1)))
    )
    (fp_line (start -0.8 0.4) (end -0.8 -0.4) (layer F.Fab) (width 0.1))
    (fp_line (start -0.8 -0.4) (end 0.8 -0.4) (layer F.Fab) (width 0.1))
    (fp_line (start 0.8 -0.4) (end 0.8 0.4) (layer F.Fab) (width 0.1))
    (fp_line (start 0.8 0.4) (end -0.8 0.4) (layer F.Fab) (width 0.1))
    (fp_line (start -0.171267 -0.51) (end 0.171267 -0.51) (layer F.SilkS) (width 0.12))
    (fp_line (start -0.171267 0.51) (end 0.171267 0.51) (layer F.SilkS) (width 0.12))
    (fp_line (start -1.65 0.73) (end -1.65 -0.73) (layer F.CrtYd) (width 0.05))
    (fp_line (start -1.65 -0.73) (end 1.65 -0.73) (layer F.CrtYd) (width 0.05))
    (fp_line (start 1.65 -0.73) (end 1.65 0.73) (layer F.CrtYd) (width 0.05))
    (fp_line (start 1.65 0.73) (end -1.65 0.73) (layer F.CrtYd) (width 0.05))
    (fp_text user %R (at 0 0 90) (layer F.Fab)
      (effects (font (size 0.4 0.4) (thickness 0.06)))
    )
    (pad 1 smd roundrect (at -0.875 0 90) (size 1.05 0.95) (layers F.Cu F.Paste F.Mask) (roundrect_rratio 0.25)
      (net 7 "Net-(C6-Pad1)"))
    (pad 2 smd roundrect (at 0.875 0 90) (size 1.05 0.95) (layers F.Cu F.Paste F.Mask) (roundrect_rratio 0.25)
      (net 8 "Net-(C6-Pad2)"))
    (model ${KISYS3DMOD}/Capacitor_SMD.3dshapes/C_0603_1608Metric.wrl
      (at (xyz 0 0 0))
      (scale (xyz 1 1 1))
      (rotate (xyz 0 0 0))
    )
  )

  (module Inductor_SMD:L_0805_2012Metric_Pad1.15x1.40mm_HandSolder (layer F.Cu) (tedit 5B36C52B) (tstamp 610774B1)
    (at 141.986 64.516)
    (descr "Capacitor SMD 0805 (2012 Metric), square (rectangular) end terminal, IPC_7351 nominal with elongated pad for handsoldering. (Body size source: https://docs.google.com/spreadsheets/d/1BsfQQcO9C6DZCsRaXUlFlo91Tg2WpOkGARC1WS5S8t0/edit?usp=sharing), generated with kicad-footprint-generator")
    (tags "inductor handsolder")
    (path /60FBB395)
    (attr smd)
    (fp_text reference L1 (at 0 1.524 180) (layer F.SilkS)
      (effects (font (size 0.6 0.6) (thickness 0.1)))
    )
    (fp_text value 10u (at 0.005852 1.524) (layer F.Fab)
      (effects (font (size 0.6 0.6) (thickness 0.1)))
    )
    (fp_line (start -1 0.6) (end -1 -0.6) (layer F.Fab) (width 0.1))
    (fp_line (start -1 -0.6) (end 1 -0.6) (layer F.Fab) (width 0.1))
    (fp_line (start 1 -0.6) (end 1 0.6) (layer F.Fab) (width 0.1))
    (fp_line (start 1 0.6) (end -1 0.6) (layer F.Fab) (width 0.1))
    (fp_line (start -0.261252 -0.71) (end 0.261252 -0.71) (layer F.SilkS) (width 0.12))
    (fp_line (start -0.261252 0.71) (end 0.261252 0.71) (layer F.SilkS) (width 0.12))
    (fp_line (start -1.85 0.95) (end -1.85 -0.95) (layer F.CrtYd) (width 0.05))
    (fp_line (start -1.85 -0.95) (end 1.85 -0.95) (layer F.CrtYd) (width 0.05))
    (fp_line (start 1.85 -0.95) (end 1.85 0.95) (layer F.CrtYd) (width 0.05))
    (fp_line (start 1.85 0.95) (end -1.85 0.95) (layer F.CrtYd) (width 0.05))
    (fp_text user %R (at 0 0) (layer F.Fab)
      (effects (font (size 0.5 0.5) (thickness 0.08)))
    )
    (pad 1 smd roundrect (at -1.025 0) (size 1.15 1.4) (layers F.Cu F.Paste F.Mask) (roundrect_rratio 0.2173904347826087)
      (net 1 +3V3))
    (pad 2 smd roundrect (at 1.025 0) (size 1.15 1.4) (layers F.Cu F.Paste F.Mask) (roundrect_rratio 0.2173904347826087)
      (net 10 "Net-(D1-Pad2)"))
    (model ${KISYS3DMOD}/Inductor_SMD.3dshapes/L_0805_2012Metric.wrl
      (at (xyz 0 0 0))
      (scale (xyz 1 1 1))
      (rotate (xyz 0 0 0))
    )
  )

  (module Resistor_SMD:R_0603_1608Metric_Pad1.05x0.95mm_HandSolder (layer F.Cu) (tedit 5B301BBD) (tstamp 60F7BF8B)
    (at 135.636 77.216 180)
    (descr "Resistor SMD 0603 (1608 Metric), square (rectangular) end terminal, IPC_7351 nominal with elongated pad for handsoldering. (Body size source: http://www.tortai-tech.com/upload/download/2011102023233369053.pdf), generated with kicad-footprint-generator")
    (tags "resistor handsolder")
    (path /60F529D1)
    (attr smd)
    (fp_text reference R1 (at 2.032 0 270) (layer F.SilkS)
      (effects (font (size 0.6 0.6) (thickness 0.1)))
    )
    (fp_text value 15k (at 0 1.016) (layer F.Fab)
      (effects (font (size 0.6 0.6) (thickness 0.1)))
    )
    (fp_line (start 1.65 0.73) (end -1.65 0.73) (layer F.CrtYd) (width 0.05))
    (fp_line (start 1.65 -0.73) (end 1.65 0.73) (layer F.CrtYd) (width 0.05))
    (fp_line (start -1.65 -0.73) (end 1.65 -0.73) (layer F.CrtYd) (width 0.05))
    (fp_line (start -1.65 0.73) (end -1.65 -0.73) (layer F.CrtYd) (width 0.05))
    (fp_line (start -0.171267 0.51) (end 0.171267 0.51) (layer F.SilkS) (width 0.12))
    (fp_line (start -0.171267 -0.51) (end 0.171267 -0.51) (layer F.SilkS) (width 0.12))
    (fp_line (start 0.8 0.4) (end -0.8 0.4) (layer F.Fab) (width 0.1))
    (fp_line (start 0.8 -0.4) (end 0.8 0.4) (layer F.Fab) (width 0.1))
    (fp_line (start -0.8 -0.4) (end 0.8 -0.4) (layer F.Fab) (width 0.1))
    (fp_line (start -0.8 0.4) (end -0.8 -0.4) (layer F.Fab) (width 0.1))
    (fp_text user %R (at 0 0) (layer F.Fab)
      (effects (font (size 0.4 0.4) (thickness 0.06)))
    )
    (pad 2 smd roundrect (at 0.875 0 180) (size 1.05 0.95) (layers F.Cu F.Paste F.Mask) (roundrect_rratio 0.25)
      (net 4 "Net-(C2-Pad2)"))
    (pad 1 smd roundrect (at -0.875 0 180) (size 1.05 0.95) (layers F.Cu F.Paste F.Mask) (roundrect_rratio 0.25)
      (net 9 VCC))
    (model ${KISYS3DMOD}/Resistor_SMD.3dshapes/R_0603_1608Metric.wrl
      (at (xyz 0 0 0))
      (scale (xyz 1 1 1))
      (rotate (xyz 0 0 0))
    )
  )

  (module Resistor_SMD:R_0603_1608Metric_Pad1.05x0.95mm_HandSolder (layer F.Cu) (tedit 5B301BBD) (tstamp 60F79066)
    (at 136.652 79.883 270)
    (descr "Resistor SMD 0603 (1608 Metric), square (rectangular) end terminal, IPC_7351 nominal with elongated pad for handsoldering. (Body size source: http://www.tortai-tech.com/upload/download/2011102023233369053.pdf), generated with kicad-footprint-generator")
    (tags "resistor handsolder")
    (path /60F54ECD)
    (attr smd)
    (fp_text reference R2 (at 2.159 0 180) (layer F.SilkS)
      (effects (font (size 0.6 0.6) (thickness 0.1)))
    )
    (fp_text value 2.7M (at 2.159 -0.254 180) (layer F.Fab)
      (effects (font (size 0.6 0.6) (thickness 0.1)))
    )
    (fp_line (start -0.8 0.4) (end -0.8 -0.4) (layer F.Fab) (width 0.1))
    (fp_line (start -0.8 -0.4) (end 0.8 -0.4) (layer F.Fab) (width 0.1))
    (fp_line (start 0.8 -0.4) (end 0.8 0.4) (layer F.Fab) (width 0.1))
    (fp_line (start 0.8 0.4) (end -0.8 0.4) (layer F.Fab) (width 0.1))
    (fp_line (start -0.171267 -0.51) (end 0.171267 -0.51) (layer F.SilkS) (width 0.12))
    (fp_line (start -0.171267 0.51) (end 0.171267 0.51) (layer F.SilkS) (width 0.12))
    (fp_line (start -1.65 0.73) (end -1.65 -0.73) (layer F.CrtYd) (width 0.05))
    (fp_line (start -1.65 -0.73) (end 1.65 -0.73) (layer F.CrtYd) (width 0.05))
    (fp_line (start 1.65 -0.73) (end 1.65 0.73) (layer F.CrtYd) (width 0.05))
    (fp_line (start 1.65 0.73) (end -1.65 0.73) (layer F.CrtYd) (width 0.05))
    (fp_text user %R (at 0 0 90) (layer F.Fab)
      (effects (font (size 0.4 0.4) (thickness 0.06)))
    )
    (pad 1 smd roundrect (at -0.875 0 270) (size 1.05 0.95) (layers F.Cu F.Paste F.Mask) (roundrect_rratio 0.25)
      (net 9 VCC))
    (pad 2 smd roundrect (at 0.875 0 270) (size 1.05 0.95) (layers F.Cu F.Paste F.Mask) (roundrect_rratio 0.25)
      (net 3 "Net-(C2-Pad1)"))
    (model ${KISYS3DMOD}/Resistor_SMD.3dshapes/R_0603_1608Metric.wrl
      (at (xyz 0 0 0))
      (scale (xyz 1 1 1))
      (rotate (xyz 0 0 0))
    )
  )

  (module Resistor_SMD:R_0603_1608Metric_Pad1.05x0.95mm_HandSolder (layer F.Cu) (tedit 5B301BBD) (tstamp 60F79077)
    (at 139.065 74.295 270)
    (descr "Resistor SMD 0603 (1608 Metric), square (rectangular) end terminal, IPC_7351 nominal with elongated pad for handsoldering. (Body size source: http://www.tortai-tech.com/upload/download/2011102023233369053.pdf), generated with kicad-footprint-generator")
    (tags "resistor handsolder")
    (path /60F895CF)
    (attr smd)
    (fp_text reference R3 (at -0.127 1.143 270) (layer F.SilkS)
      (effects (font (size 0.6 0.6) (thickness 0.1)))
    )
    (fp_text value 10k (at 0 -1.143 90) (layer F.Fab)
      (effects (font (size 0.6 0.6) (thickness 0.1)))
    )
    (fp_line (start -0.8 0.4) (end -0.8 -0.4) (layer F.Fab) (width 0.1))
    (fp_line (start -0.8 -0.4) (end 0.8 -0.4) (layer F.Fab) (width 0.1))
    (fp_line (start 0.8 -0.4) (end 0.8 0.4) (layer F.Fab) (width 0.1))
    (fp_line (start 0.8 0.4) (end -0.8 0.4) (layer F.Fab) (width 0.1))
    (fp_line (start -0.171267 -0.51) (end 0.171267 -0.51) (layer F.SilkS) (width 0.12))
    (fp_line (start -0.171267 0.51) (end 0.171267 0.51) (layer F.SilkS) (width 0.12))
    (fp_line (start -1.65 0.73) (end -1.65 -0.73) (layer F.CrtYd) (width 0.05))
    (fp_line (start -1.65 -0.73) (end 1.65 -0.73) (layer F.CrtYd) (width 0.05))
    (fp_line (start 1.65 -0.73) (end 1.65 0.73) (layer F.CrtYd) (width 0.05))
    (fp_line (start 1.65 0.73) (end -1.65 0.73) (layer F.CrtYd) (width 0.05))
    (fp_text user %R (at 0 0 90) (layer F.Fab)
      (effects (font (size 0.4 0.4) (thickness 0.06)))
    )
    (pad 1 smd roundrect (at -0.875 0 270) (size 1.05 0.95) (layers F.Cu F.Paste F.Mask) (roundrect_rratio 0.25)
      (net 15 "Net-(R3-Pad1)"))
    (pad 2 smd roundrect (at 0.875 0 270) (size 1.05 0.95) (layers F.Cu F.Paste F.Mask) (roundrect_rratio 0.25)
      (net 16 "Net-(R3-Pad2)"))
    (model ${KISYS3DMOD}/Resistor_SMD.3dshapes/R_0603_1608Metric.wrl
      (at (xyz 0 0 0))
      (scale (xyz 1 1 1))
      (rotate (xyz 0 0 0))
    )
  )

  (module Resistor_SMD:R_0603_1608Metric_Pad1.05x0.95mm_HandSolder (layer F.Cu) (tedit 5B301BBD) (tstamp 610777B3)
    (at 139.7 77.216)
    (descr "Resistor SMD 0603 (1608 Metric), square (rectangular) end terminal, IPC_7351 nominal with elongated pad for handsoldering. (Body size source: http://www.tortai-tech.com/upload/download/2011102023233369053.pdf), generated with kicad-footprint-generator")
    (tags "resistor handsolder")
    (path /60F580DE)
    (attr smd)
    (fp_text reference R4 (at 0.8 -1.216 180) (layer F.SilkS)
      (effects (font (size 0.6 0.6) (thickness 0.1)))
    )
    (fp_text value 15k (at -1.2 0 90) (layer F.Fab)
      (effects (font (size 0.6 0.6) (thickness 0.1)))
    )
    (fp_line (start 1.65 0.73) (end -1.65 0.73) (layer F.CrtYd) (width 0.05))
    (fp_line (start 1.65 -0.73) (end 1.65 0.73) (layer F.CrtYd) (width 0.05))
    (fp_line (start -1.65 -0.73) (end 1.65 -0.73) (layer F.CrtYd) (width 0.05))
    (fp_line (start -1.65 0.73) (end -1.65 -0.73) (layer F.CrtYd) (width 0.05))
    (fp_line (start -0.171267 0.51) (end 0.171267 0.51) (layer F.SilkS) (width 0.12))
    (fp_line (start -0.171267 -0.51) (end 0.171267 -0.51) (layer F.SilkS) (width 0.12))
    (fp_line (start 0.8 0.4) (end -0.8 0.4) (layer F.Fab) (width 0.1))
    (fp_line (start 0.8 -0.4) (end 0.8 0.4) (layer F.Fab) (width 0.1))
    (fp_line (start -0.8 -0.4) (end 0.8 -0.4) (layer F.Fab) (width 0.1))
    (fp_line (start -0.8 0.4) (end -0.8 -0.4) (layer F.Fab) (width 0.1))
    (fp_text user %R (at 0 0) (layer F.Fab)
      (effects (font (size 0.4 0.4) (thickness 0.06)))
    )
    (pad 2 smd roundrect (at 0.875 0) (size 1.05 0.95) (layers F.Cu F.Paste F.Mask) (roundrect_rratio 0.25)
      (net 13 NOISE_POS))
    (pad 1 smd roundrect (at -0.875 0) (size 1.05 0.95) (layers F.Cu F.Paste F.Mask) (roundrect_rratio 0.25)
      (net 9 VCC))
    (model ${KISYS3DMOD}/Resistor_SMD.3dshapes/R_0603_1608Metric.wrl
      (at (xyz 0 0 0))
      (scale (xyz 1 1 1))
      (rotate (xyz 0 0 0))
    )
  )

  (module Resistor_SMD:R_0603_1608Metric_Pad1.05x0.95mm_HandSolder (layer F.Cu) (tedit 5B301BBD) (tstamp 60F79099)
    (at 142.24 78.232 270)
    (descr "Resistor SMD 0603 (1608 Metric), square (rectangular) end terminal, IPC_7351 nominal with elongated pad for handsoldering. (Body size source: http://www.tortai-tech.com/upload/download/2011102023233369053.pdf), generated with kicad-footprint-generator")
    (tags "resistor handsolder")
    (path /60F5AFF8)
    (attr smd)
    (fp_text reference R5 (at 2.268 0 180) (layer F.SilkS)
      (effects (font (size 0.6 0.6) (thickness 0.1)))
    )
    (fp_text value 15k (at 2.268 0 180) (layer F.Fab)
      (effects (font (size 0.6 0.6) (thickness 0.1)))
    )
    (fp_line (start -0.8 0.4) (end -0.8 -0.4) (layer F.Fab) (width 0.1))
    (fp_line (start -0.8 -0.4) (end 0.8 -0.4) (layer F.Fab) (width 0.1))
    (fp_line (start 0.8 -0.4) (end 0.8 0.4) (layer F.Fab) (width 0.1))
    (fp_line (start 0.8 0.4) (end -0.8 0.4) (layer F.Fab) (width 0.1))
    (fp_line (start -0.171267 -0.51) (end 0.171267 -0.51) (layer F.SilkS) (width 0.12))
    (fp_line (start -0.171267 0.51) (end 0.171267 0.51) (layer F.SilkS) (width 0.12))
    (fp_line (start -1.65 0.73) (end -1.65 -0.73) (layer F.CrtYd) (width 0.05))
    (fp_line (start -1.65 -0.73) (end 1.65 -0.73) (layer F.CrtYd) (width 0.05))
    (fp_line (start 1.65 -0.73) (end 1.65 0.73) (layer F.CrtYd) (width 0.05))
    (fp_line (start 1.65 0.73) (end -1.65 0.73) (layer F.CrtYd) (width 0.05))
    (fp_text user %R (at 0 0 90) (layer F.Fab)
      (effects (font (size 0.4 0.4) (thickness 0.06)))
    )
    (pad 1 smd roundrect (at -0.875 0 270) (size 1.05 0.95) (layers F.Cu F.Paste F.Mask) (roundrect_rratio 0.25)
      (net 13 NOISE_POS))
    (pad 2 smd roundrect (at 0.875 0 270) (size 1.05 0.95) (layers F.Cu F.Paste F.Mask) (roundrect_rratio 0.25)
      (net 2 GND))
    (model ${KISYS3DMOD}/Resistor_SMD.3dshapes/R_0603_1608Metric.wrl
      (at (xyz 0 0 0))
      (scale (xyz 1 1 1))
      (rotate (xyz 0 0 0))
    )
  )

  (module Resistor_SMD:R_0603_1608Metric_Pad1.05x0.95mm_HandSolder (layer F.Cu) (tedit 5B301BBD) (tstamp 60F790AA)
    (at 150.368 77.216)
    (descr "Resistor SMD 0603 (1608 Metric), square (rectangular) end terminal, IPC_7351 nominal with elongated pad for handsoldering. (Body size source: http://www.tortai-tech.com/upload/download/2011102023233369053.pdf), generated with kicad-footprint-generator")
    (tags "resistor handsolder")
    (path /60F81B59)
    (attr smd)
    (fp_text reference R6 (at 2.286 0 90) (layer F.SilkS)
      (effects (font (size 0.6 0.6) (thickness 0.1)))
    )
    (fp_text value 15k (at 2.286 0 90) (layer F.Fab)
      (effects (font (size 0.6 0.6) (thickness 0.1)))
    )
    (fp_line (start 1.65 0.73) (end -1.65 0.73) (layer F.CrtYd) (width 0.05))
    (fp_line (start 1.65 -0.73) (end 1.65 0.73) (layer F.CrtYd) (width 0.05))
    (fp_line (start -1.65 -0.73) (end 1.65 -0.73) (layer F.CrtYd) (width 0.05))
    (fp_line (start -1.65 0.73) (end -1.65 -0.73) (layer F.CrtYd) (width 0.05))
    (fp_line (start -0.171267 0.51) (end 0.171267 0.51) (layer F.SilkS) (width 0.12))
    (fp_line (start -0.171267 -0.51) (end 0.171267 -0.51) (layer F.SilkS) (width 0.12))
    (fp_line (start 0.8 0.4) (end -0.8 0.4) (layer F.Fab) (width 0.1))
    (fp_line (start 0.8 -0.4) (end 0.8 0.4) (layer F.Fab) (width 0.1))
    (fp_line (start -0.8 -0.4) (end 0.8 -0.4) (layer F.Fab) (width 0.1))
    (fp_line (start -0.8 0.4) (end -0.8 -0.4) (layer F.Fab) (width 0.1))
    (fp_text user %R (at 0 0) (layer F.Fab)
      (effects (font (size 0.4 0.4) (thickness 0.06)))
    )
    (pad 2 smd roundrect (at 0.875 0) (size 1.05 0.95) (layers F.Cu F.Paste F.Mask) (roundrect_rratio 0.25)
      (net 5 "Net-(C5-Pad2)"))
    (pad 1 smd roundrect (at -0.875 0) (size 1.05 0.95) (layers F.Cu F.Paste F.Mask) (roundrect_rratio 0.25)
      (net 9 VCC))
    (model ${KISYS3DMOD}/Resistor_SMD.3dshapes/R_0603_1608Metric.wrl
      (at (xyz 0 0 0))
      (scale (xyz 1 1 1))
      (rotate (xyz 0 0 0))
    )
  )

  (module Resistor_SMD:R_0603_1608Metric_Pad1.05x0.95mm_HandSolder (layer F.Cu) (tedit 5B301BBD) (tstamp 60F790BB)
    (at 149.352 79.833 270)
    (descr "Resistor SMD 0603 (1608 Metric), square (rectangular) end terminal, IPC_7351 nominal with elongated pad for handsoldering. (Body size source: http://www.tortai-tech.com/upload/download/2011102023233369053.pdf), generated with kicad-footprint-generator")
    (tags "resistor handsolder")
    (path /60F81B6D)
    (attr smd)
    (fp_text reference R7 (at 2.209 0) (layer F.SilkS)
      (effects (font (size 0.6 0.6) (thickness 0.1)))
    )
    (fp_text value 2.7M (at 2.209 0.254 180) (layer F.Fab)
      (effects (font (size 0.6 0.6) (thickness 0.1)))
    )
    (fp_line (start 1.65 0.73) (end -1.65 0.73) (layer F.CrtYd) (width 0.05))
    (fp_line (start 1.65 -0.73) (end 1.65 0.73) (layer F.CrtYd) (width 0.05))
    (fp_line (start -1.65 -0.73) (end 1.65 -0.73) (layer F.CrtYd) (width 0.05))
    (fp_line (start -1.65 0.73) (end -1.65 -0.73) (layer F.CrtYd) (width 0.05))
    (fp_line (start -0.171267 0.51) (end 0.171267 0.51) (layer F.SilkS) (width 0.12))
    (fp_line (start -0.171267 -0.51) (end 0.171267 -0.51) (layer F.SilkS) (width 0.12))
    (fp_line (start 0.8 0.4) (end -0.8 0.4) (layer F.Fab) (width 0.1))
    (fp_line (start 0.8 -0.4) (end 0.8 0.4) (layer F.Fab) (width 0.1))
    (fp_line (start -0.8 -0.4) (end 0.8 -0.4) (layer F.Fab) (width 0.1))
    (fp_line (start -0.8 0.4) (end -0.8 -0.4) (layer F.Fab) (width 0.1))
    (fp_text user %R (at 0 0 90) (layer F.Fab)
      (effects (font (size 0.4 0.4) (thickness 0.06)))
    )
    (pad 2 smd roundrect (at 0.875 0 270) (size 1.05 0.95) (layers F.Cu F.Paste F.Mask) (roundrect_rratio 0.25)
      (net 6 "Net-(C5-Pad1)"))
    (pad 1 smd roundrect (at -0.875 0 270) (size 1.05 0.95) (layers F.Cu F.Paste F.Mask) (roundrect_rratio 0.25)
      (net 9 VCC))
    (model ${KISYS3DMOD}/Resistor_SMD.3dshapes/R_0603_1608Metric.wrl
      (at (xyz 0 0 0))
      (scale (xyz 1 1 1))
      (rotate (xyz 0 0 0))
    )
  )

  (module Resistor_SMD:R_0603_1608Metric_Pad1.05x0.95mm_HandSolder (layer F.Cu) (tedit 5B301BBD) (tstamp 6107739D)
    (at 149.198 61.99 90)
    (descr "Resistor SMD 0603 (1608 Metric), square (rectangular) end terminal, IPC_7351 nominal with elongated pad for handsoldering. (Body size source: http://www.tortai-tech.com/upload/download/2011102023233369053.pdf), generated with kicad-footprint-generator")
    (tags "resistor handsolder")
    (path /60FBEA04)
    (attr smd)
    (fp_text reference R8 (at 0.014 -1.116 270) (layer F.SilkS)
      (effects (font (size 0.6 0.6) (thickness 0.1)))
    )
    (fp_text value 2.2M (at 0.014 -1.116 270) (layer F.Fab)
      (effects (font (size 0.6 0.6) (thickness 0.1)))
    )
    (fp_line (start 1.65 0.73) (end -1.65 0.73) (layer F.CrtYd) (width 0.05))
    (fp_line (start 1.65 -0.73) (end 1.65 0.73) (layer F.CrtYd) (width 0.05))
    (fp_line (start -1.65 -0.73) (end 1.65 -0.73) (layer F.CrtYd) (width 0.05))
    (fp_line (start -1.65 0.73) (end -1.65 -0.73) (layer F.CrtYd) (width 0.05))
    (fp_line (start -0.171267 0.51) (end 0.171267 0.51) (layer F.SilkS) (width 0.12))
    (fp_line (start -0.171267 -0.51) (end 0.171267 -0.51) (layer F.SilkS) (width 0.12))
    (fp_line (start 0.8 0.4) (end -0.8 0.4) (layer F.Fab) (width 0.1))
    (fp_line (start 0.8 -0.4) (end 0.8 0.4) (layer F.Fab) (width 0.1))
    (fp_line (start -0.8 -0.4) (end 0.8 -0.4) (layer F.Fab) (width 0.1))
    (fp_line (start -0.8 0.4) (end -0.8 -0.4) (layer F.Fab) (width 0.1))
    (fp_text user %R (at 0 0 90) (layer F.Fab)
      (effects (font (size 0.4 0.4) (thickness 0.06)))
    )
    (pad 2 smd roundrect (at 0.875 0 90) (size 1.05 0.95) (layers F.Cu F.Paste F.Mask) (roundrect_rratio 0.25)
      (net 8 "Net-(C6-Pad2)"))
    (pad 1 smd roundrect (at -0.875 0 90) (size 1.05 0.95) (layers F.Cu F.Paste F.Mask) (roundrect_rratio 0.25)
      (net 7 "Net-(C6-Pad1)"))
    (model ${KISYS3DMOD}/Resistor_SMD.3dshapes/R_0603_1608Metric.wrl
      (at (xyz 0 0 0))
      (scale (xyz 1 1 1))
      (rotate (xyz 0 0 0))
    )
  )

  (module Resistor_SMD:R_0603_1608Metric_Pad1.05x0.95mm_HandSolder (layer F.Cu) (tedit 5B301BBD) (tstamp 6107736D)
    (at 150.114 59.436)
    (descr "Resistor SMD 0603 (1608 Metric), square (rectangular) end terminal, IPC_7351 nominal with elongated pad for handsoldering. (Body size source: http://www.tortai-tech.com/upload/download/2011102023233369053.pdf), generated with kicad-footprint-generator")
    (tags "resistor handsolder")
    (path /60FBF0C6)
    (attr smd)
    (fp_text reference R9 (at 0 -1.27 180) (layer F.SilkS)
      (effects (font (size 0.6 0.6) (thickness 0.1)))
    )
    (fp_text value 160k (at 0 -1.27) (layer F.Fab)
      (effects (font (size 0.6 0.6) (thickness 0.1)))
    )
    (fp_line (start -0.8 0.4) (end -0.8 -0.4) (layer F.Fab) (width 0.1))
    (fp_line (start -0.8 -0.4) (end 0.8 -0.4) (layer F.Fab) (width 0.1))
